,A,B,C,D
0,-2.0474749004453914,1.8057386059614395,1.5618812635871322,-0.23467592500692983
1,-1.9342011150530571,-0.6588744478592651,0.7864172375559961,0.13153505020482986
2,2.1023892165621914,0.49031787013453965,0.8874184293208355,0.42292438618110917
3,-0.008620195359912907,0.8994835365116809,-1.022673184794265,-2.070598326630605
4,-0.5022345222416869,0.05860630783684077,-0.16466997466588443,-0.08443361149295756
5,-1.5924463390300747,-0.9886185643202597,0.4883187495243558,0.7297564898061671
6,-0.7968236365343302,-0.4400834392210025,-0.9260129815286731,0.9916037235912952
7,0.991129628896478,-0.06808778912280933,-1.1304490240589837,0.30641040431571404
8,2.3530745330232214,-0.3029283502167426,-1.9507100316180421,0.8385152019388858
9,0.6248569238743958,0.8300708052114353,-0.2563307524768413,-0.024394550531488514
10,0.6167219907607536,-1.659947760475102,-0.7217052345301251,1.0383603526829972
11,-0.12351489950254625,-0.4872105480286572,-1.4599993139417677,-0.7050365672013902
12,0.3557139718882473,-0.2112846227477346,0.18524292544982893,-0.12474190201457987
13,0.9562181407317093,0.7109534799691604,0.6078437491801559,-0.5633799859578852
14,0.7851952108843038,-1.1175982585945405,-0.8625516487448356,1.1020199730197298
15,0.22505094607737114,-0.6339319260636196,-0.7006137877808724,1.5583985060819066
16,0.99261200478612,-0.6635223141087631,0.5743767576641501,-0.05851861980804942
17,-0.33555073625626347,0.2777903951020579,-0.7998612291845211,-0.06867228483768037
18,0.5913422967353954,0.3616271584373204,0.12437459346715071,1.0763127610656866
19,0.16988719847805628,-0.11097585098427538,1.006045987229707,-0.7296596104292453
20,1.570763018872644,-0.7931779584619225,0.4052022814194271,-1.926942002149523
21,-0.34203876470004285,0.5641153796212037,1.3591596639560417,0.3518916334912705
22,-0.6561133439899166,-1.057736035368224,0.6007731343299857,2.497708135030252
23,0.8663159601926219,0.12562306694744704,-0.5800005251660246,-3.001267563883802
24,-0.15082564356705558,-0.34292119896277107,0.9515565146552444,-2.1339397668104607
25,-0.34591146947648926,-0.3302985257897311,2.62155633120466,0.8928759191018287
26,1.0188800546245897,-0.4106193539463128,1.5963266538507481,1.2854935061937462
27,0.026357196099135397,0.04793771147472335,0.7620820658177418,-1.653467755257808
28,0.5406942410996163,-0.7776524096739195,-1.3701305118791824,0.17889978969299794
29,-1.6347358899144124,1.632556974135392,0.09293591562978698,0.03030721028015298
30,0.14959024456947204,-0.09314720294126067,-2.3392147597419393,1.3311242769960394
31,-0.16773629974828996,-0.7134761751179123,-0.2036630626987251,1.0482298969467918
32,0.5315852755795519,-1.0969342717281476,0.8418505827247558,-0.5975955545084876
33,0.6731571598275147,0.8161863939800191,0.07534670055484866,-0.01892706465553167
34,0.24242724145462868,0.8148439847730784,-0.9377983003085035,0.5497338099785696
35,0.41589230187098125,-1.4513376524511263,-1.1338802852283827,1.3461537815197742
36,0.20062195290234705,0.6220054792427159,-1.6890803015819598,0.6846508822696857
37,-1.398685130886027,1.101423101199408,0.7075187132747488,-0.7509995751912352
38,0.06803374115801364,0.5011454573574632,-0.4996361742827344,-1.017551107803607
39,1.46382171290432,1.6508854677951947,1.1576867125642525,-0.6976551959138662
40,-0.5329340162067496,-0.4677463522201212,-0.26847185224837256,0.20519877500264086
41,-2.0302533677467602,0.792954785863269,1.2368269353070576,-0.39181868472411485
42,2.759323869907532,-0.44998237211784275,0.5776330667827393,-0.3821870125866313
43,-0.9578062006538186,-1.0430175133532076,0.5963145478910366,0.7171118074277468
44,-2.3761265440780437,-0.40271315595771584,-0.7296429342748227,0.5231810881655417
45,1.1123847007413437,-0.07353781675389491,-3.2561961331351945,-0.2864098602119662
46,-0.8267894448465092,-0.5454814055002203,-0.37510599988566834,1.3913914001478485
47,2.0121187414453154,0.958037757011308,-0.32900415997785376,-0.46913457423696425
48,0.6954760056301378,-0.9002230091461713,-0.05009928012823047,0.7659391849227118
49,0.0476424426275262,-0.24126473021155181,-1.2332839634000552,-2.1476053500018577
50,1.0931203216558265,-1.6262849933898549,1.2712245763954937,-0.7584788683044186
51,0.6307848072291803,-0.29577056212645075,0.30357278199346205,0.9985928084169036
52,0.7906411387639579,0.6025011203712691,0.7421172159471373,-0.3169023512490004
53,-1.3646795279926505,0.7939072315177448,-0.6541759529933309,0.4366449039655101
54,-0.30174511175438246,-0.0015617458410392495,0.5824081833333332,-1.3492370325292895
55,1.0271473353839813,-2.400949949383644,-1.8325467245290679,0.3566362953121596
56,0.11035327356709937,-0.06860219378504005,-0.5205001639981753,0.9881465908535019
57,0.31424603974951665,-0.019853666559973022,-1.8389787532276203,0.10074793839357324
58,-0.6619524849408435,0.7015145671549889,-0.5826996209230149,-0.0651989104488848
59,-0.5574531503409772,1.1290599258518685,-0.13091714055215797,-0.12220445622610818
60,-0.6106459180048417,-0.5819298287729401,0.885479159520347,1.278285091387657
61,-0.44624534438373253,-2.3966389432782833,0.08144299149036605,0.8884507717479371
62,-2.540050159112807,0.2817606980770093,-1.7292656927721315,-1.239887386273002
63,0.6921843595780942,-1.1914474623311344,-0.4534507145441079,1.457521619897339
64,-0.780834980446231,0.3210743479910041,-1.1371284954557859,0.6032466652650662
65,-0.6456027291131247,-0.5404836528575314,0.6538880797319652,0.9227157093951956
66,0.9634403290402614,-1.3837778926110527,-0.8860659895097414,0.34966700144803614
67,-0.7481464645681011,-1.4890015870719324,0.4453688796719269,0.019277246546544013
68,-0.17131795261069543,0.6599487273653116,-0.2501116783099836,-1.735472094099062
69,2.362171925797147,-0.8693144536210959,-1.2260401969019112,-2.753391491991021
70,-1.8783422731342336,-2.5676156488388564,0.08226215743019698,-0.5698078128935552
71,-0.3128158438395849,-0.15431960617138804,-2.801555447653394,-1.444392981076242
72,0.16418024440827395,-0.20806411347186796,-1.3793455874242235,-0.7470038358319856
73,0.1378685642301033,1.1452194909372426,0.18927819117982075,0.3641728727188519
74,-0.014717176436007017,1.2851636047716921,-1.948582781952506,1.4214420238376833
75,-2.239701346603592,-1.3116184691265649,-0.7245542757453035,-0.6394080229455291
76,-1.5207317381136665,-0.01911061386582673,-0.9791140406986891,-1.077615603726686
77,1.0578857595771949,-0.09409363268270622,1.558211473217756,-0.6669962774533251
78,0.1210363125305529,-0.6974352299869561,-0.6823765482959299,0.042073194364853614
79,0.9599266413394261,-0.1064747186094999,-0.5930895656967919,-0.5044563884246203
80,1.387350014203951,0.30481019961330535,-0.546561759239681,0.6444004630595486
81,1.5598050284301415,-0.6924928782611757,-0.11016948084147507,-0.8447606954522795
82,0.2950475874709316,-0.8154139279030085,-0.8657677138329285,0.6444475333756847
83,0.7417297329306598,1.5014306621078075,-0.943748490797821,-0.1420663930818037
84,-1.3641589922003607,1.6284681121643636,-0.0032947102326668608,0.16659721051687557
85,0.5538980855027297,0.4814583477842555,0.5636973254595365,0.13059015090045048
86,-0.13782674299499217,-0.09395085540769316,-1.2636618666517092,-0.27272783719352084
87,0.9810802590470947,-0.6422646758887504,-0.43486420541897414,0.7910888908925209
88,0.0568038733973617,-0.44107286296024667,-1.1586727969688264,0.27317571041606925
89,0.5139839630272138,-1.1905210048439197,-1.4072858765728997,-0.150652787638136
90,0.8502541360581636,-0.46729591257938613,0.03483961619297642,0.44919425613392044
91,2.0860560452639607,-0.8008042411467889,-1.282034133329371,1.332868007647283
92,0.34312379649410113,1.8675646072412946,0.9683448467478141,-1.2537847700370923
93,0.5436184925804425,0.20617403793285213,-1.6355421091819293,-0.005874170989972552
94,-0.020838239835792915,-1.2105631787575197,-1.7564623694934467,-0.11360377350010435
95,-0.16593391529482812,-0.12063611946837516,-0.5573025734779165,-1.5353947423043954
96,-0.6540543497364962,0.040401538015369526,-0.8359556247898674,-0.7410855957306633
97,0.1524858533225622,-1.5622249733656108,1.9107198307860735,-1.3939950324956594
98,0.7605209788103838,-0.4472776032287842,-0.9442693743082882,-0.5774690084734339
99,1.041704329315702,2.8205201969090634,0.5371344556443777,-1.4153594006157186
100,-0.4088467670928623,-0.1907131929940292,-0.23508022914036492,0.3650799709811757
101,-0.0583205689235216,-0.4180841467037837,1.086512582030973,0.05250863690660904
102,0.8352799776001446,1.9202209525123364,0.7328271874084425,0.06399495654733581
103,-0.1470073378483877,-2.1555363159336896,-2.061429192366457,-0.2717314658998136
104,0.42464983749526153,1.5600638136301144,0.3433284389470839,-0.9794683314232902
105,1.6293772997285383,0.1724709097610818,-0.6096088973631442,-0.32453824081416743
106,2.7131804097291545,1.7280211778045902,-0.6762426380881593,1.3362400841682058
107,-0.02780438829794186,-1.468466487876596,-0.14808594069346848,-0.8405778596716517
108,0.13292940701025502,-0.660086709498224,2.747533311623818,0.24512412039977036
109,-0.055765879010911984,0.5230343766134965,-0.9560776509980283,0.8535625312907987
110,-0.01838309519670548,-0.814124212031649,0.14430169570492252,0.8086653395031461
111,-2.4601607704817505,-1.5699283865209865,-0.8992360441507802,-1.1611274571830474
112,-1.5101107441051924,0.011686079473962226,-2.833205430300803,0.4581549870421968
113,0.5900353336130679,0.7760748767862083,0.42853819020968476,-0.07645820107369652
114,-0.5502132944927571,1.3967428818142307,-0.5910547558528301,-0.41566094008507437
115,-0.8658637387223108,0.588449554638105,1.6171852131398055,0.6359501566900814
116,-1.4905475770846053,-2.3812474932752132,0.8025205807819702,-0.18431744605132372
117,0.5756150127507538,-0.1408303718881129,1.0306158464374178,0.4501680522770726
118,-1.6264317958630472,0.056378748279450754,-0.6238400873172196,-0.4081001536096382
119,1.0199230106008372,2.3567201139645646,1.5419732874564809,0.03404666818790369
120,0.23888303545413056,-0.4323691748471199,-1.0033700270086512,0.09409809147031459
121,-0.4882135221698529,-0.6900502917623587,-0.25693823180155134,-0.3265485765444005
122,-0.8302476235319948,-1.5150721572150456,2.1903679724393563,-1.5732383582686933
123,-0.22241097473231425,0.6096768660076815,2.2348429572771575,-0.6038889503520297
124,0.23562352537533246,-0.6075214007610743,-1.6285321363532768,-0.12516193049442265
125,1.0817989035346407,-0.11051402743143131,-0.5133669070811874,0.8696536320509992
126,0.4480428590839719,1.1677050391483723,0.033808991354941864,0.5153254713457264
127,0.3294097300731147,2.542013288284999,0.31141769938527875,0.21315243348864996
128,0.311950497908906,0.19739129822146192,0.20635406561547182,-0.6591504663286417
129,0.3429651080080021,0.11517728683939145,0.4564636872642939,-0.6756151602533312
130,1.0771297082562281,0.5638162598194971,0.5921289545788806,-1.5564552216768532
131,-2.0047834734321754,1.343831843624234,-1.4603043361200512,0.48985502574855555
132,1.0490545594192089,-0.31767799905084426,0.8910599092613382,1.014622419706318
133,-0.4708555730021459,0.318041709994506,-1.3640701076810553,-1.0712455893046555
134,-1.2571036727778402,-0.47252975308952877,-0.342372202363735,0.09425001146627474
135,-0.25623879238400615,1.391007599273415,0.8598458440231512,-0.9081491351622191
136,1.0353448925510012,-1.1346169897615983,0.9548559047471781,-0.21208191602016135
137,-0.9533870712290703,-0.5276472201155319,0.43532750431187084,0.23273307973396837
138,-0.5731231458406494,-0.3457496961631201,0.7499082141229674,-1.478026298493852
139,-0.3798043688611219,-1.4973702345734647,-0.28640717275178385,0.7831804909840862
140,0.04026116510745867,-1.326972988963836,-1.1753015074067699,-0.0238587397534131
141,0.4479853513543548,0.3345658436775577,-0.1827042789601468,0.4932467943438607
142,-0.4972857170139585,-1.2765793974961712,0.3979800240098707,0.9293570143253551
143,-1.3221030453083915,0.6906017541436723,-1.4859272708965992,0.31138429413157676
144,1.0937524802818315,-1.2021873721985807,-0.4475458310385839,0.8574283040918647
145,0.6972099588671876,-0.45199913494788113,-0.2733965145751915,-1.4726599142143788
146,-0.8542723026378026,1.1167097135738415,-0.7767265951176404,0.05584714574361453
147,-0.20728426038013295,0.631100327385573,1.1000813827555807,0.05416134897250958
148,0.22287703378029425,0.8576475515270541,0.3364542374934855,1.0317247537229526
149,-1.836168604401275,0.3819452700190796,0.9459729522274056,0.9373425391658563
150,-0.7382966050237407,1.212884158383584,2.1866074111804457,-1.9851091422364908
151,-0.24840182296699975,0.6229066907314619,-0.1244008343088139,-0.4457332747729204
152,-1.009292928624194,1.5662623948384782,0.9870451227678417,0.08386132991161041
153,0.11923195599985471,0.6335811655816653,1.0330841724684356,-0.899596335676338
154,1.3209054623405987,0.34808947350001024,-0.8547985633504565,-0.9804161773893209
155,1.355599366502565,0.06697289776890085,0.48591491632563333,0.7252424710229416
156,-0.6302293953242144,-1.1126286424982832,1.8488333312845782,0.27895795960789443
157,0.49353022696719306,0.4718898935327909,2.6813320798836244,0.4638894238943692
158,-0.36446738128625744,0.39200760823220543,0.30396791498281667,0.18397368153161253
159,-1.2609840925474347,1.2232374421263128,0.5729419363250035,0.16986410053773549
160,-1.559768390161519,3.85258346929496,-1.137108314781442,-0.016695778278059514
161,0.3700787924333709,-0.8575708721500133,-0.7635965460536733,1.4077984730882347
162,0.05836600259838641,-0.5942627169375383,-1.4835664888039544,-0.6431551996384809
163,1.2360514267605442,-0.5491112872333082,1.7843766444072993,-0.10142024587052165
164,-1.2079886487062432,0.9759971514012186,2.0512833154496,-1.0484320374587925
165,0.7387996518126496,0.5196672372644998,0.6861905743061804,0.2997911960596201
166,0.25268504699566763,1.1487090109150435,0.40314045667476167,-1.2608235437446753
167,-1.1493005292515968,0.6362060534996817,0.45407569835275435,0.5439514536868769
168,0.25172278398450876,-0.4295439281264565,0.6469617571429267,0.7620616658210607
169,-0.4182749638255425,0.16419653825270028,-1.5287200914777845,0.24240826444218677
170,0.5159164454782732,1.227005270242184,1.4530291583471528,0.01882885473348089
171,-0.04721624292938835,-0.8392480183342925,0.8864981526268115,0.9850565987895762
172,-1.003248614091145,-1.390010380394465,0.3406943605808536,-1.4441719972954574
173,-0.7163554559790057,0.47464240652899475,0.1341784412177944,0.9314783814099798
174,0.43983799669568735,2.051965136500389,1.2972421955617646,1.0941074414044976
175,1.1136701767965838,0.4927890605997486,-0.7206216407874056,0.20755072555529824
176,-1.3066816772270382,0.4856328322031882,0.4801082350735182,-0.9117714202140921
177,-0.6760053598828704,-0.718688493906429,-0.7924137751907991,-2.8279539100032003
178,0.840977138665978,0.46952984036121176,1.3064596868715037,-0.0715638486175971
179,0.3619828722778512,0.5830670522648291,0.526974501385958,1.0144140606595509
180,1.7789345230333453,-0.3692182866288129,0.525406784649464,0.4148108561766237
181,0.4256869045177389,1.5832329766148032,0.4670315500420394,-1.2435564060610322
182,0.7171262220243858,-0.7170471322474538,1.5557309765558744,-1.7045247494568043
183,0.5896542544722789,-0.31744660441830863,-0.16367832606607016,0.616164620547927
184,1.4128288665574373,-1.4098907483039909,0.594488483570634,-0.9269344089195123
185,-0.3230658470226665,0.11125962096505831,-1.5090505937911378,-0.3792259791410451
186,-0.16061113441170016,0.8655179023608272,-0.2793743675481722,-0.6056815540482229
187,-1.0897219203150879,-0.4890499655037345,0.7740360776819789,0.06665712044925926
188,0.35409882137021664,0.48824778994452445,-0.7760217167367588,-0.3372999283671614
189,0.33460539560654623,-1.3450784687844373,1.52410157020195,-1.1964756957064069
190,2.708562891802651,-0.5186073745784718,-0.3545444110921274,-1.4814796843537106
191,0.9782751284890874,0.019410648231000933,1.68307207119977,0.9054398759455051
192,0.752825134943227,0.7989930559325359,-0.8764757018774253,-0.19475629536251957
193,0.8857668020390562,-0.3743079897349846,-0.9738971596158836,-0.9920543557018785
194,-0.45875446768778094,0.8386006357639554,-1.0422760377626847,0.32263542133098444
195,1.7980393929624077,0.017674650589977445,0.6093269380046883,0.3595995225409211
196,-1.3107478232147165,0.5366147778713746,0.3462904721190071,0.2108424667827386
197,0.2910537037118422,0.21679540393854052,0.2503284224325454,-0.22781305944839067
198,0.1459033012465348,-0.9699497982980173,0.24118710309389188,1.090885238089225
199,-2.3770303706206475,-0.16099220916695817,2.329744557008221,-0.5693561940703007
200,0.9827250361856165,-0.6332790652690654,2.2228701468334866,-0.7709390916429307
201,-0.06655216504999129,0.6474933471551639,-0.16279480943172084,0.14359880961273647
202,0.8596683024386853,0.33541800272054195,-0.8461250452328453,-0.06181493768124647
203,-0.4052101081265775,0.29725764798024823,-1.2926755475469016,-0.6390015934174487
204,-0.9712084673199841,0.4666363300737445,-0.3778109332150274,-0.6061459709319632
205,1.2161342436687297,1.1301388726213308,-1.152800166754697,1.5048541332320247
206,0.24928723870258768,-1.0192058315711232,-0.21812710597875812,1.752284208201794
207,0.0588638998332816,1.9047432055085276,0.3033333719127325,0.08320321620684082
208,0.3581803023276437,0.3836220527075494,2.085072173036681,3.810330469221105
209,-1.476896604694458,0.22461910963251688,-1.019329379548192,-0.45775858541787134
210,1.6060032676951959,-0.577402479818264,0.8588927034151319,1.4315683832527168
211,-1.5261782273170508,-0.5388184709734131,0.996222951400763,-0.6591142586873121
212,0.29356004438027505,0.2526508478138069,0.12558758511500343,-1.5127165619686567
213,-0.8186579613812353,1.558006613065892,0.8311367548315852,-2.63242663890605
214,-0.4504023454458568,0.22522134118909426,-0.12245345463537763,-0.01751335508560187
215,1.2311399236172298,0.5842776500350753,-1.232582718543003,2.906197743110802
216,0.5415580242973745,1.8171379831839347,-0.5652592332878063,0.20704495795069228
217,0.013243031834214995,1.476984773437265,0.12723091187157604,0.6755052992327049
218,0.06977688704018689,-0.9252819601894188,0.30846189949110037,0.6364404599530045
219,3.3725708494941626,-0.0030080810727650636,3.2933398964198903,-1.3002459102052646
220,0.7964871581565689,-0.17715288077822863,-0.8194534926549912,0.3062308614404519
221,-0.1288951572766146,-0.7713449381620193,-1.363324984457794,-0.45942214711311974
222,-0.5144216652063001,0.7155192233749008,-1.69232671418938,0.6330518401239034
223,-0.8546418881060355,-0.8996202165660968,-0.8993636653929925,0.8563484890967553
224,-2.5978454326685236,0.051100078432043845,1.161788083369541,0.3639865083070684
225,0.2593348666732386,-0.2754025120267963,-0.26457961425660304,0.1881774409512209
226,1.0048737778092387,-0.5137537032689757,-0.060620756259861096,-0.2579201856711619
227,4.227245233210474,0.09905119939682656,0.03664284364150246,0.4133656438306144
228,0.8219584013356234,0.6989903824566231,0.30227094205559896,1.0681723814694857
229,-0.6826897776626929,-0.9869410775108223,-0.9988880222451054,0.10979071298600268
230,-0.845562921883909,-0.8489852277337087,1.4774187264254641,0.240961025883942
231,0.1009604016384206,1.2186361286761616,-0.587804075024252,0.8871885640997613
232,-1.4016888239614609,1.383652368369483,-1.5877220120283164,-0.910844891640573
233,-1.9679833507181312,0.01526529687429902,-0.9252666753262689,-0.45964150854080327
234,0.9939915476374547,-0.7880881166560582,-1.122862161973026,-0.761549016296349
235,0.2876103926166067,-0.12070288704298197,0.7247242984076327,-1.2663136339575323
236,-0.31879702885624145,0.6702869565437032,0.7313104433811402,-0.5497740404653972
237,2.1663044855142393,0.6238914886869892,-0.05742328579530275,0.15549783767393188
238,-0.8127118797293061,-0.09513871611818397,1.1915022751249156,-1.1680597308669998
239,-1.1098370667928108,2.1653211201738563,-1.4538691070076726,-1.177579767331705
240,2.5365722556496944,0.6138532125522308,-0.8049957400179024,0.5490289558911273
241,0.7239090573556948,-1.15031704113784,0.8176484740717703,0.5223432984720818
242,3.016215534362869,-0.7000384916718932,-1.3180046623353652,0.12246143092773193
243,0.08919134349828632,-0.7162442484556227,-0.34063882021462355,0.2612931000449917
244,1.1141324173176883,1.10170752833666,-0.6524042444010584,0.856728060828918
245,-0.34262782621271554,-0.08080419335524404,-1.5023015532159063,-0.3954566671400395
246,1.0547156901334145,-0.3988459270431853,0.7873620054556666,0.6793673720195489
247,0.7744302504754217,0.3989090744939064,-0.5246180669684906,0.4408499437051809
248,0.5966444949289654,-1.8140814449011293,0.31626372655689583,0.9457897214440697
249,0.08237785626649052,-0.8858552147353254,0.5777444755334242,-0.05705749352081071
250,-1.7846168391969668,-0.5002025392928843,-0.7813181306236784,-1.4356208669425432
251,-1.0202270539291058,0.7227917152290314,0.8563900787252793,0.8410694788846323
252,2.7952937100279804,0.8562548447862366,2.5925122968005483,0.12265738558464163
253,-0.05163505085979289,-0.515305459050434,1.69500099147529,0.3570504913908327
254,-0.12832485887227876,0.0012248668425142144,-0.25879427483331613,-0.3526748628044583
255,-0.299227080801081,1.499211428028008,0.5013151877684422,0.41503242728499884
256,-0.08105292191652895,-0.8975606307244804,-1.1023976562925817,-0.4835099285750574
257,0.4051426904913362,-0.3469043557513543,-1.0540329264848585,1.0072136955554494
258,0.2565815446869266,1.0911085205360729,1.4354698925968332,1.1045874035817884
259,0.6808064479869282,-1.63744657966862,0.011241634020486415,-0.7988314038203401
260,0.1939944531725359,1.8953733956539454,-0.016367435616980692,0.609527063708764
261,-0.6573204324027935,-1.2611328724864197,-0.7411369460509564,0.016224462806852347
262,0.41272706650122587,1.0079390725992816,-0.5029283691385797,0.7694841689149915
263,1.1247302331136766,-1.025447906929356,0.9581750851521226,0.494861415708593
264,-0.6260067779980697,-0.3416927532411376,-0.2434930155380019,0.33569583051962304
265,-0.8931644084031148,-1.0723816522171796,-0.11932582927706446,1.414974956011133
266,-0.37196843572159216,-0.5713152743261464,1.4122410330240545,-0.8707002491602036
267,-1.631852632310871,-1.1596303525823024,0.9855847904236872,-1.2217992613645825
268,1.196116558391211,0.7261077923979172,0.4905992624635017,0.46198329896293244
269,-0.09808818743216251,1.1953869923172349,-2.6590751290992585,-0.9437597070669265
270,-0.438119593229484,0.9222049008972021,-1.0406506981870893,-0.8457517304928658
271,2.514190472624707,-0.18705329105187568,2.1165498275546706,1.0570621660862116
272,0.7395546875857988,0.894292982682278,-1.4893465985616035,-0.03398816462654181
273,-1.925671069887296,0.799551003852316,0.8734552060070139,1.3492166384593678
274,0.11669895995366993,-0.8856941711337055,0.517185753028816,1.6475511274139831
275,2.6509292308682024,0.9660125994198402,0.01285113430219331,1.5978103127890415
276,0.7738852903895304,2.5679260192136604,0.6425255479507836,-1.1194245498155038
277,0.15494737854276908,-0.7061361025029922,0.04807479826505813,0.12318801051137543
278,-1.4073267681603472,1.9497565959170289,-0.8916893885961352,-0.11453068372050897
279,0.6662156946164396,0.14361769113140802,-0.346752530260755,0.6747798651743377
280,0.42456194282732024,1.5696567815643843,0.6211743161740895,0.8737907441026977
281,0.7557221248137681,-0.8476991877311342,0.8669961843286598,-0.677653531287232
282,1.981660990137409,0.615744446375808,1.5289569535727026,0.5988337523491785
283,2.563179069697602,0.5342529045217331,2.3686018711879786,-0.4399527203757001
284,0.6112643241964302,-0.25326274800601395,0.6615673643785936,-0.5816365228877611
285,-0.1023374201480328,1.044046083373413,-0.95131340149404,1.174731880076207
286,-0.384679592327603,-0.8063698582254397,-0.8136360903542943,-1.1011930435448527
287,-0.02140549225609452,-0.1816943746699354,0.6156932303132698,-0.13875903222640998
288,-0.7396170572954608,1.299997042327592,-1.1609617221264998,0.14347604972942812
289,-1.1763558029545649,-0.2795044193075942,0.196775162610672,-0.5679319862652009
290,-0.7808639829308667,0.8308728178991298,0.7631244176602361,0.5375300127206217
291,0.2559395949600795,1.9276872268119245,-0.7616762782493708,-1.2798713338999022
292,1.622762507211291,0.5626409224324005,-1.490243525177936,-0.8892895552128189
293,0.10125224508146026,0.11776366628644899,0.6866120718522679,0.2186573452922434
294,1.230831887103559,0.11695411471012292,0.7123939740004857,-1.21881005813599
295,-1.7662473310461901,0.5861720988649539,-1.101823132541759,-0.5633238867859863
296,-0.6730686010880494,1.2078883524356243,-0.20030192465319105,0.7136755287571523
297,1.6876169527211782,-0.5070721920361024,0.7866403883860938,0.10398591937030328
298,-1.0728162833042303,0.3927253387491311,0.15311864664385275,0.5413059829573841
299,0.12875567779161853,1.8677904932451466,0.5585217015966761,0.8462505387946702
300,0.9123310974835195,-0.7241727618785784,-0.20062212696527199,-0.7987977562158096
301,-0.3518819526587607,0.6283952188493145,-0.014193600744448852,-2.8394298871861334
302,1.8523414053468155,-3.8434262422050605,1.3211910757209482,1.8390012340166544
303,-1.5645466928764113,0.5374235430150976,0.8061602985894506,-0.5392772628652318
304,2.265994723433973,-0.07196158718768332,0.02336160240289,0.41133566929478105
305,2.725758232895305,0.20393980800342634,0.02391898472950765,0.6644465000379635
306,-0.20621888014141168,1.560085862981203,0.9146316686301836,0.6020651084750144
307,-2.1386122818512705,0.566522000860425,-0.5240192604172969,-1.6522511770810646
308,1.0305091462970979,0.4340960671748566,-1.6709617986297123,-1.1511096948476671
309,-0.27748925161699023,-0.7416981061326147,-0.6723650476863667,0.18368219249680368
310,-0.947162497664032,-0.8914061944540936,-1.5620709079539212,-0.058086681853994515
311,0.8970294010947284,-0.09573116545879835,0.33091482260862687,0.947373642585418
312,1.1150171976987397,0.5097509565415904,0.5617024653751674,0.662786805909496
313,0.4594979403743809,0.004141594853117888,1.8440266251534172,0.7384732165666476
314,0.28072837080646523,1.112812450650008,0.1744111182057573,-0.03358642466745346
315,-0.14037892919374945,-1.884427012967864,-1.1640087783081405,-1.7358211655585016
316,-0.7867349742623547,1.596413929995466,-0.6852367232635493,1.6449236521283015
317,-1.7782358170633665,0.22614631509521896,0.42378863956921886,2.3394197994150643
318,1.4589223244133704,1.5745094334082488,-0.9624806261677804,-0.708092828049573
319,-0.15611329614150726,-1.4442776552499554,0.6892381640556546,-0.09792519256695602
320,-0.2575388698393458,-0.8741949159792924,0.06104326122266765,-1.0316979921413538
321,-0.4649751030539283,0.9309598386600982,0.8178560269312868,0.8203005988158039
322,1.3436726004590722,1.4499282333125518,-0.15248816835628776,0.22659230929965593
323,0.46910224351265184,-0.10210227828523895,-1.0133948035447196,-0.9163419182986864
324,0.5547009952130121,0.8016414163584668,-0.4881234710522349,0.3414903683799925
325,-0.7711608351168887,1.03170542882168,-0.3466601985291761,-0.13599547757688643
326,2.18810338387023,-0.6195569633249967,-0.5929900847407196,0.2910532957669499
327,-0.27884139598960045,-0.9220793028066,0.991406196656711,0.9993280162434827
328,0.04023364258788303,-1.510836618515031,1.1149589456297557,-0.20203857991021798
329,0.9640591070963187,0.06530389353494916,-1.6286993697977263,-1.0604870092837453
330,0.0032428605702438463,-0.2342288390441733,-1.1495277953519256,-1.2421148550807328
331,0.6797989208021016,-0.04526409620582732,-0.8102143656565466,-1.0203203454296703
332,2.3470488248536006,-0.93629680950529,-1.9214431575946804,-0.852409631610524
333,0.05663513651574466,-0.4222031594185678,0.03653230858936792,1.113439453703803
334,0.800024188522741,0.9814241297732774,0.47988734490307244,1.491241005490809
335,0.7206432358172625,0.03633780969382519,1.5712462952427626,-1.2096651507889247
336,-0.33591053401954984,0.5618967023566008,1.0345772655050898,-1.276950036973454
337,1.0870538954112186,-0.04597142502846511,-1.7660967598508892,-0.45355124130516045
338,0.9018250430885041,0.4072673456204174,-0.47131890266063037,-1.0046386677538808
339,0.36777263783481245,0.11486922956104449,-1.3480682946210611,1.5227190009030274
340,-1.1967727456254658,-1.053091135158366,-0.49277485800325105,0.08715674313260274
341,-1.6734633297481873,0.6916736867504668,1.2105611688130888,-0.11718103838114852
342,-0.41612276310263413,0.5908884276465466,1.9325290583145374,-2.1896815407079213
343,-0.47215080304459733,1.741977283117548,-0.011091370929956977,0.5283829259515403
344,0.829080232578519,-0.4698437147030979,-1.6063711185341587,0.6541570453791228
345,-0.27058697895739336,0.05529920846355112,-2.2073620302899593,0.025419370276553197
346,0.5276654821996682,-1.5575228824823741,-0.018579803193258408,-0.13305464406698064
347,-0.48033742647607997,-0.21480420139488227,-0.9807732966770831,-0.2126782056813679
348,-1.5375946306673616,-0.5687981001552306,-0.1667213412803763,1.5438326842550467
349,-0.028769124937078214,-0.8965078809784365,1.2462438658147126,0.6598075827811591
350,-1.97883264253777,-0.22272538766821998,-0.2680980221463593,1.0659876445128487
351,-0.5540948782462422,1.593605183753199,-1.6505429706685215,1.2327650678628805
352,0.6860309281498879,-0.8478355476477436,-0.29468014429723943,-0.7218806051356611
353,-0.8869206650771774,-0.4503745915301246,-0.3973809081926581,1.0106955543560225
354,2.3627417807393525,1.2261967329579688,-1.0092380276482238,-0.1807878676369757
355,-0.3608347390441448,0.03479750239428731,-1.047002981041355,0.48301816218479343
356,-0.03189825919725585,-0.013622126757852541,-0.5387529276935429,-1.043825163402807
357,-1.52109014429428,1.154408655072647,-0.8942477819978514,0.1340194820906829
358,0.1827084453248124,2.699630756999863,-1.5074472801182806,0.34924695775613496
359,0.36892286647639605,-1.8210442279086363,0.8920916709348313,0.148785679123567
360,0.44698319423287713,0.18260650396171332,-0.9379736895021915,0.014757567187071186
361,1.0022041627623788,0.4834057612438174,0.6708122389277705,-1.3994486596152156
362,0.6968232765562096,-1.1109531122876923,2.0009969755807604,-1.8553917375527613
363,-1.6336483293351272,-0.19712407644218233,0.33151405029791653,-1.230486063229679
364,-0.38410928169716985,0.1593683211609686,-0.36068156130833295,0.6751658468430332
365,1.7700723294554888,0.40133667525975175,-0.6103209618349036,0.7288597545052354
366,0.8071645999729768,0.26449275683309276,0.28506023145524595,-0.7911021782673157
367,-2.1500031597075626,0.42331152493157137,2.455970281113303,-0.8111322891234602
368,-0.47228611524983316,0.15550230786989824,2.5499047518706845,2.161133524089165
369,-1.679851677099577,0.42664411959991483,1.137693028918558,0.12414574266658457
370,-1.1400287561760194,1.9023942039784225,0.03252989199406434,-1.0242985181419502
371,0.690441888872972,0.3174811226662112,0.03405629152203659,0.19100191221981644
372,0.5052104373095363,1.6729195635270286,0.2561745536948326,1.0520717626520142
373,0.14634280570693223,-0.11849587429949564,0.897910882778262,-1.665657074569454
374,-1.7953840308394566,1.553615817313408,0.6294893083342765,-0.06121985374512657
375,-0.44451526232888533,-0.43500099549324633,0.13126300276264435,-1.964004484883911
376,1.2213090154145445,0.06887211275639168,0.1500213630968761,1.5957545806386013
377,-0.44217193165105606,-1.1871242005660663,-1.7120946691348022,1.850790490629171
378,-0.4901183244319798,0.5581928396567643,-0.9541837004007979,-0.10556263420432462
379,-1.1382437488715158,-0.8207351470082137,-1.1337640049563682,-0.6837624262350037
380,1.1788277883202447,0.549490772675258,-0.7073067069971823,0.9442471187121333
381,0.8730267191781682,-1.6346247601855908,-0.6652248583930056,-1.6526827918080265
382,0.2804058166371234,-1.5311485082370409,-0.18185839404381873,0.3028935144594453
383,-0.28349010014976567,0.24459404300258042,-0.31689160233373537,-0.22013240047598875
384,0.18064104935252545,0.46707941543114373,-1.0202275899948106,-0.985987708370535
385,0.013872363973570173,1.1725337851716118,0.2608673606739585,0.9871321360044809
386,-1.199906714314483,2.431879776402964,0.008156101760180064,-0.15715392387027036
387,-1.0239218259811773,-1.32883719621011,-0.11567969769934759,1.1063472573201087
388,-0.7011918518948453,0.3426730464181795,1.2010055316184722,-1.833906400515583
389,-0.8993254827253337,0.8506650476883928,0.10697580528174241,-0.4226352517845261
390,1.594430857643408,-0.3085654390426687,-0.46421264288981673,1.2091243409893613
391,0.23671857562434737,0.7036553186893113,0.7245202521358655,1.288087308682622
392,-0.44667004623858725,-0.3787262743232413,1.0493669107504189,1.1198101164424235
393,1.1785524888270447,0.40062860856725785,1.2598775175546577,-0.7738471817639495
394,1.631526206713568,-1.0664916212802167,0.8446209028288155,-0.20599788510004632
395,-0.8200402303429527,0.14812090160475372,-1.072049016832516,-1.1615369381017457
396,0.15681399495391551,-0.87092277355204,0.03910874298135282,-2.6161633613744724
397,0.7678273764736975,0.3441466240033983,-0.02446312890669291,1.7912421444254298
398,0.6457710749239203,-0.22677338464909827,-1.4551434384387274,0.15545600674671334
399,0.5151277069221363,1.280308353665501,3.3275039520708556,-0.5280094782009281
400,0.558425068611137,0.5827102016962218,0.03589036012589233,0.4092868042725329
401,-0.3112065508621667,-0.34234188569326746,0.6551351249509608,-0.9721641838359403
402,-0.5666985911462596,-0.44272098103776436,0.16144867910528268,-1.8275799930658525
403,0.33694898988728156,1.147492131846638,1.2003657005780595,-0.017267092440206463
404,-0.28084427545862783,-0.006292293099723625,2.0298124164346243,0.19472188740528865
405,0.7727299857369037,-0.9573172734023266,0.2849016358079617,-0.8203931493557491
406,-1.2785128177810254,0.2527342153966825,1.3240650125070204,-0.6149375499779837
407,0.4295593824651764,-0.8037328808728862,-0.17550240583541063,-0.39647293198964734
408,-0.14922041247625883,-0.20041400541314866,-0.3492406303236807,-0.7958250632850347
409,0.8260764942284557,-0.913561913057444,-0.9429728572330148,-0.20611360094839834
410,-0.879334514505797,0.10390283641590356,-0.42467407351213143,1.0230703705650261
411,0.463252507366734,-2.1156322045959723,0.4125083779889606,-0.9674704041408503
412,1.2670266437760678,0.6616692530226423,-0.3091610277256078,0.057006559373070934
413,-1.1833121706632324,0.004962209617753944,0.34221213896606445,-0.46226297339799605
414,-0.022388491000601887,0.8706679791477139,-0.517905475086019,1.5461524316117754
415,0.9451914762573217,-0.22820947613949494,1.3843628459165063,-0.20825178096493704
416,-0.5553071691303232,-1.3582752599131058,1.5400652283588767,0.9914118500032955
417,0.335678087277844,-0.12473557674509293,-2.2603669485996405,-1.1105300614160625
418,1.0934731160018694,0.654189751220446,0.46292320800264347,-2.5355376339138926
419,1.4726850023900468,0.98340907843131,0.08188967859139328,0.17871041188817463
420,0.840432219912322,-0.3588836834114021,-1.183552810054784,1.5774466443851538
421,0.7136371369494838,0.07867027701849487,-0.012144488649959777,0.24403880044501683
422,0.10084164878048933,-0.5144746324206372,-0.2706542514944007,0.4401521517923837
423,-0.4837289214857965,3.6745267002202886,0.7492378129150646,-0.03829015410989716
424,-0.22567518786158364,-1.0878754859952091,0.7334202690330746,-0.9398272360525946
425,0.36536837275844997,-0.2921787783757143,0.15561815873780668,-0.4771401287028372
426,1.2544740235107126,-1.6523224400253038,0.6716833111845542,-0.0959194960670016
427,-0.14014739287682818,1.4445619931236733,-0.22962724179315921,1.1069387914289894
428,1.5975513792742808,0.5848632526881482,0.9601298854862568,0.1883151899548661
429,1.5277246830245097,1.2032491548741946,-0.32008807412517337,0.1848778667974482
430,1.1116924709909906,-1.1279996774491388,-1.6392749342981439,0.2937346462066544
431,-0.4430030556721422,-0.8585283918012722,1.3997358610007227,-0.501050836982829
432,-0.8920204893129942,0.22531395324217476,-1.4380424419993054,0.47991409553296044
433,-0.11663865798251323,0.5065669020008289,0.085099646257629,-0.7815672950691833
434,-1.030010906571425,1.5414216713598734,-2.003976673298644,-0.5516882600124706
435,0.2742536550895579,-0.6671298486683943,1.015059557574734,0.32323504241991613
436,1.1640290520140775,1.330710224929397,-1.5904392717858642,0.10206786846795639
437,1.0613004399860206,-1.3370233183754117,-0.9598784305257001,-0.9169532954870145
438,0.7592079119343973,-0.4580421145699369,-0.9684867976185191,-0.12258615897366058
439,0.8678020322954557,1.142997520280765,1.2909036945376933,-1.107686051992437
440,-1.0214098169333556,0.22661663866839596,-0.6958838329009359,-0.7470010149755679
441,-0.9740125827567405,0.6896139063022583,-0.7467590047276129,-2.007773965384558
442,1.341438338905597,0.3920399825174479,-0.9584703491034687,-1.0566103523336619
443,1.82585327464883,0.35203496036005416,-0.013708402059545828,0.5942829295854308
444,-1.4256865282108182,-1.5056533940718761,-0.8170232207806355,0.2278867813747877
445,-0.5809633837066358,0.21641662672597128,1.3475494588559127,-0.6211380786871209
446,0.23295049632776174,0.9773838327763467,0.7503657168687474,0.04498223613453448
447,0.7552656787603583,0.556972750123838,-0.05044668942194626,-3.217743904744766
448,0.38511868584872455,1.739655608239827,1.4271785713016742,0.5007325264107916
449,0.1026206859814852,0.5799963560884525,0.13753916186687168,-0.7750393732312924
450,-1.2214788316078184,-0.36094613314113105,0.22812936792499838,0.5256768897569163
451,-1.086457417911535,-0.3885313628927067,0.46609895651486194,0.9740888508022665
452,0.10905431127190633,-1.284960672212163,0.9277819887253543,2.4370161336815404
453,0.8425466313759276,1.439622258550806,0.35384888636432354,-0.7868892364758909
454,0.435345626794918,-0.3699401273086378,0.6810713441263476,0.6834019199378771
455,-0.7650848343789571,0.8036805168056651,0.4331297725813352,-0.7414037520739996
456,0.4611153848602577,0.8529080770321513,-0.6759634639310865,2.841403800800859
457,-1.0114994062373235,-0.3775168087337055,0.6380652763966981,-0.5117658983879261
458,-1.1544242799506104,1.5650729580110545,-1.2456122055856558,-0.2446693996220327
459,-0.6475321522989539,-1.1948150292768032,-0.761097699322944,2.032475614496873
460,-0.9856600162688975,-0.7858055415051813,0.6841788819338112,0.11343455481529986
461,-1.484996076214215,1.4883999782823472,0.7467626977778958,1.6022317064420737
462,1.1767777634512968,-0.6487249955650982,0.9150615930617042,0.002501526267129854
463,0.18160796472454407,0.14940773208022134,2.4637178295681457,-0.811544011648787
464,-0.6021530965231978,0.40437633337584167,-2.2572214064694407,-0.005316673064738552
465,1.3419265894576256,-0.6285067239739569,0.25100174789982516,-1.0712530164031795
466,0.29871055372113486,0.22462872746659016,-0.7705245853427013,-1.196667158109686
467,-0.3977111595315481,0.41642522469274773,0.5999895791219271,-0.005337502981177921
468,-0.10566437800720016,0.6646120451051947,-1.3036394684992378,-1.3118142916698168
469,0.4689151557189057,0.9365157510314353,0.018498378204930145,-0.7184753840628071
470,-0.7282253494457609,1.0289477247415268,0.3285751463165254,-1.2587189554516909
471,1.4323324315712656,-1.6989094758816,0.09833932671069989,-1.1428518379398092
472,0.2768345022205911,-1.3724105070782888,1.3249452337866132,0.836405525827707
473,-0.29545754456105433,0.893125581952595,-0.3098476008694748,-1.4835172593034154
474,2.1113399896919396,-1.5475936625772244,0.9956150149928763,-0.2581003826349627
475,0.20551013598710863,0.9943497548962185,0.6734642278691112,-0.37962976877587506
476,-1.8750577936786195,-0.1600259018260621,0.42570197275597726,0.7082611821424523
477,0.3170696231228834,-0.19169519065258012,-0.7817930795271356,1.099524704602312
478,1.2240493123572755,-0.5340541485808744,1.8834143919008612,0.400304041127423
479,-0.7978647498592025,-0.37312388660317125,1.5168374917786085,-0.26272460493706185
480,-0.8695366586446525,1.6084192358569964,1.0735761885170398,-0.1287327435076531
481,-0.006475396339787372,-0.12363894021411398,1.0024634521256306,0.9536377937175525
482,0.970048645016172,2.461664711904399,1.3891939232731372,-0.7705168402874735
483,1.4502896735503255,-0.5357685637241114,-1.0292617881857875,-0.15699953559859922
484,0.4678418510831686,1.7112012304110038,0.6803218480183627,1.8856587756457988
485,-0.4737122500034378,-0.025041541730128233,0.46850281069802896,0.8092392843224325
486,0.016239329355373082,1.247494016303724,-0.8794899715322659,-1.2191506566033632
487,-0.2315784141961633,0.11184894293131839,-0.414417820830412,-0.28744772851454287
488,-0.7122351786929565,-0.5144139466273643,-0.09303854595645394,-0.07842651010569941
489,-0.14176727605558334,0.9260791997075963,1.2883822265848375,-0.16483587181921341
490,-1.3200281481197025,1.4905722578094671,-0.7835377755085559,-0.7296108990915768
491,-0.17615924473967795,1.234189031586646,1.175743021954921,1.7422452805460142
492,1.7688973258858118,0.31541607207704125,1.1905737736367585,0.739627857883943
493,0.9742061332279826,-0.12620846147225964,-0.010419199746029976,1.534830605812826
494,-0.08188026299840839,-1.1206157766681932,-0.27280976159790465,-1.008864772147065
495,-0.051321367974697454,0.42218206013242593,-0.8031965038919096,-0.6942426049378297
496,0.21780890131692637,1.7007566062368358,0.8202848590278882,1.9399417064066955
497,0.24377745587043384,-0.6633582514540505,0.0739594344865594,-1.5015261806536189
498,2.177597213617891,-0.3425679377309359,0.8433563028479473,-0.45553287285748445
499,-1.7004658096658885,-0.5299353251333133,2.4094825250033507,-0.30044371626583444
500,-1.5346160665097173,-0.29215341928115135,-1.836197349401299,0.9552139845953453
501,-0.1717731804216777,-0.20715507210176926,0.7996978247157589,0.2329968629317989
502,-1.8986992243712781,-1.154573375634793,2.0272114976283704,0.46901756721851146
503,-1.4765123306574515,0.5658939258417185,0.13278614311949236,-1.2425917302308933
504,0.6194448452841219,2.1934728858583896,-0.37954927058843274,-0.13867900357722485
505,-0.3137094074654031,-0.06230393142907514,0.21701721945458943,0.8982468286680364
506,-0.022802174348733408,-1.1160072371660577,-0.7692383397098901,0.2500626310883699
507,-0.7111582964375535,-1.6458836261755714,-0.4328088578903604,-0.02296466486824655
508,-0.43732635155359806,0.4488094515579319,-0.942679063962752,-1.9070697020055254
509,-0.004192852939310309,0.27911454622780657,0.030541917370825053,0.4706810962761619
510,-0.41697049059808317,-0.35997458993285614,-1.597117612128864,1.9914755529470278
511,0.7801880306979724,-0.6673799132201576,0.7318642582668871,1.3481664240982763
512,-0.9501926423094137,1.202897229301405,0.7947882471631667,-0.9270831129843576
513,-0.690174940144148,0.28327198893163064,2.0958033880343714,1.0947498329442373
514,1.4050238499412186,0.27903652996149564,0.762993717895093,-0.4717173101220892
515,-0.7424662478607069,1.546619307856781,-1.6211015042027979,-0.11538983171017593
516,0.31921660415863556,-1.5591339464951968,-1.0210157634003867,-1.0615194026755181
517,-0.23260878358698078,-0.3125836173892842,-0.22086201198521827,0.39650251355365107
518,0.1537862525603466,0.0026075718462015814,0.6926842721980754,-0.4684148363402749
519,-0.283498145924293,-0.25385303715584756,0.5953124708751624,-0.0388942511365418
520,-0.2759663964155372,-2.4356475030474107,-0.6237501212718771,0.12119087618615895
521,-0.739924976630583,0.6274264832251689,-1.027689139131474,1.525752394727281
522,-0.562943440012473,-0.9337527177902405,1.0191952650284533,0.42584171221765893
523,-0.3759148461233329,-0.2731445267724524,0.5702408696536486,0.06564700334288755
524,-0.6700751633900123,1.3737370945244294,-0.8348282293929585,0.22289549018548355
525,-1.1139481606607131,-0.18135763330135848,-0.7955940987378507,0.532557036872741
526,1.6427837200181965,-0.15925921840540158,1.0644755193998316,-0.3994685549178429
527,-0.30449032706239254,-0.6937475724889237,0.768886712384297,-0.4926016308333456
528,-0.7901326823246115,-1.3086959127407876,1.2734953679176968,-1.6009595528384313
529,0.5674366381855134,0.8608790196217946,-0.13307361240408092,-1.4909244029005713
530,-0.7576972117303993,-0.12497715455353839,-0.05363797019547145,-1.4778626661634608
531,0.29267428922037325,-0.5388533617770818,0.39407076843143257,2.358652855891517
532,1.4019842568640737,0.8243542340990562,0.7955140336329775,-0.6472620968205571
533,0.596967677836404,0.4659130592722078,1.1718363022195968,1.1653178549196788
534,0.982003157224382,-1.6419661094354088,0.5554814399749665,0.8949110527984779
535,-0.5836088497641767,1.488506911345034,-0.2833584891076491,1.825111785895885
536,0.5954320041381528,2.0088472998838554,-0.364908411930897,0.1691421061787809
537,-0.3273841573335189,-1.8041558689601078,-0.16645056950632012,0.7117186198014945
538,-1.1474169603561475,0.026618379699362163,0.040364956607599714,-1.3620358954660745
539,0.06917473986785024,-0.4618101657088447,-1.3739693814260978,-0.6026273435659907
540,-0.44661598194783686,0.6724122921467924,0.1387671380366549,-0.5171565526269769
541,-0.3889775809679362,-1.171264640953783,-0.03427780156292164,1.164781660457338
542,-0.5886294540488675,-0.6527379649504731,-1.0768179939321627,-0.7352962088286794
543,1.1190816259941492,-1.313301678754925,0.7817580074413414,0.9233941710835236
544,-1.1319804066220591,-0.8893521843228163,-0.8725993472216452,-2.0753928840611837
545,-0.5700249921227692,0.3013857350527844,0.3059934053318761,-0.3590990381142958
546,-1.885994609180575,-0.5473709100021451,-1.9730062416486622,0.07060610168622716
547,0.38179367027687755,-0.1291092822931333,2.0279206096755433,0.4852461689498899
548,0.3098018871708325,1.5698190111827404,0.24338148609279148,1.3543576308163696
549,0.28018658126437207,-1.0648482272667978,0.1254298016801035,0.07113881789605705
550,0.28386965361305166,0.824663093272308,0.9749856761207972,-1.7312942681615988
551,0.2819273492710261,-0.653945755549912,-0.6297543457826942,0.7015122931646648
552,1.996995204999557,1.2793305437309237,-0.8117502510136821,-0.9637609288075089
553,-0.2168561137072304,-1.554266192631518,-0.8596779265351675,0.1032190834774333
554,1.0763237505485201,-0.45526416835486583,0.6965255089342279,-2.5155031370729364
555,0.6460744288378208,0.7356854180252952,-0.7947259334396796,1.1359838158849958
556,-0.35465519583760585,-1.074817775432006,1.0401615459445999,1.2754500435427367
557,0.0051396420120101245,-0.9890169859415795,0.4652210790277303,-1.1176820441970785
558,1.1109791494959513,1.9337130167364243,-0.38445236002417793,-2.561550259137475
559,-0.5092000506010658,1.8610810286420467,-0.8827140807409644,-0.3181804310987591
560,1.1444391778199967,0.1998226399266302,-1.335899092659096,-1.6666452636064741
561,-0.8293532179238148,-1.328227002488581,-0.13912435029209316,0.468463952679743
562,0.4933100575567204,-0.7926480791706904,0.5597599665972584,1.9360977017316598
563,0.12023781673033254,0.573407938068977,0.10320223258868481,0.9014503153329021
564,-0.37924170638295046,-0.2572629098295391,-0.47623485456199205,0.6683111114063125
565,-0.3897177574516208,0.06205147896556615,-1.027329468752904,0.04363056387198658
566,-0.39076811826472785,0.4549008274796844,-0.693925506415968,1.6569954608683084
567,-0.9557295111008929,0.930456718586537,0.06812690151394254,-0.6510310763358788
568,0.9728876273508094,-0.06981249119721054,1.6582491818456513,-0.42267832094366464
569,-1.2735863608875087,-0.7694705196765791,0.6502318775343607,0.24918810546282535
570,0.058180387045467415,0.8455334872629466,0.26786710779304423,0.10190747389814994
571,0.13579025283706733,-0.32903673264463823,-0.7567948468963968,-0.8837853445764476
572,0.49964637202463225,0.7270426238610638,-2.2767293873644148,0.00020324700876951985
573,0.809535621838564,-0.3852666821871851,-1.0184773124080808,-1.1022498282583446
574,-0.6571318012548982,-2.1939325953266082,-0.36189883383972354,-0.5996746790051417
575,-1.1377168600222207,-0.19919171772604877,0.487508658695565,-0.6568099844760099
576,1.162915173434516,0.7103714844733358,1.5377719471707871,0.717871525847459
577,0.01594730604900503,-1.5269379886465764,-0.761432036859608,1.3334464134693158
578,0.2208557054638774,-0.9788835498398409,-0.8758694998617403,-0.7738999466488572
579,0.6891861761706048,0.6976802448544166,-1.2643267363355974,0.8304315777946571
580,1.0732299618877565,-1.61537620106945,-2.6475718174548013,1.1683948661760237
581,-0.2947002039190342,-0.544252651341759,0.6307464218687537,-1.1400459067011164
582,-0.2471208533432484,-1.3509777579340547,-1.5717992546312474,-2.4382030302532463
583,-1.2597423929635279,0.8270651198066902,-0.605236963618857,-0.3132414814975062
584,1.7071387166020808,1.2277595901708138,0.1332744975825592,-0.7273843418875507
585,0.1860719808290185,-0.5234823015564849,-1.1902821678927766,3.174270323631095
586,-0.48915597438583014,-1.0707721330794242,0.3064630456759031,0.2820270802037268
587,-0.32992858951282583,-0.9546752952084188,0.17369194458879889,-2.9212457336918973
588,0.23519908115866478,1.5771318492329849,0.37589452076381247,-0.267348234127881
589,0.1975185083716527,-0.8401828065761126,0.14092516843520247,-1.8065623547154193
590,0.6330266426330965,-0.3005980493748068,-1.3836241974597188,1.033185750223209
591,0.23270812448063322,0.12084610823800272,-0.2661229386551972,0.5644613643567479
592,0.4421128001279305,-0.522651075202393,-0.7393680021869423,-0.2932236008754725
593,0.7916225232349097,-0.6648076747350422,-0.36850842811441314,1.3240727122590015
594,-1.0299556146046525,1.2974950208469145,0.5460342319925039,0.22229505052001444
595,-0.5929763780177597,0.6144925064674754,0.5959558935810996,0.9996050127033502
596,-0.12391107055624202,2.319049068228,0.3958657130487412,-0.1555409662640708
597,-1.9151579632644238,-2.537276515338901,-1.5314138080047426,-0.006586784465533319
598,1.2434454071079593,-0.43638128803842263,0.9795488426904874,0.41194469794653504
599,-2.3419325124894503,-1.8522041870619321,1.105095328822443,0.009513663955686943
600,1.651658792347058,-0.1845083000148381,-1.400132391859009,1.1735691349077624
601,-0.37706861650574314,1.930444062284453,1.7610972677721588,-0.42323428571010274
602,0.6294751746954556,1.0665607056623607,0.6871278970776474,0.2784003595984626
603,1.4823614168151953,-0.9519656507785691,1.0673606761186447,0.9456971367447806
604,0.3904210775365528,1.648163032155569,-0.7588836757250792,0.6290434456132687
605,-0.6359215145942486,1.0275973319083755,-1.0956546418488664,-0.25709861410874096
606,0.08560280264814103,0.9804097345427426,-1.0455929552186751,-1.7002801035360693
607,-1.7650357614186787,-1.953065481144953,2.0163742443423676,0.4144749255217397
608,0.6865938096703091,-0.42620761128375945,0.6376129435317734,-0.1794455741034894
609,1.2123298559672149,-0.9815249727980513,-1.0170437554920557,-1.2776639274854018
610,0.48845387387224526,-0.11356786138290008,1.3663956062807106,1.08918956796358
611,1.3983914641941246,-0.11980505512066977,-0.29236422572555626,-0.1598886694460133
612,0.6645829490051423,-0.8250699193824046,-2.247185748357071,-0.09075257339061225
613,1.0863050228432978,-0.009820411599475505,1.5941907090735135,-1.744181125417566
614,0.5913668178933315,-1.3284219486920703,0.14973718254881646,0.5259820675093102
615,-1.130293114512926,-1.046163321180501,-0.5293015311911404,1.183983048799288
616,1.7659456380917098,0.23286643859028583,0.49288514942129263,-0.1444852972513347
617,-0.5866876048479275,0.09098148681038311,0.8328070770335618,-1.6181274937524328
618,-0.9209791041881736,1.021990515077413,1.5046187130745623,-0.5044913169449412
619,0.5677358841703465,0.18428356835679036,1.4821098128750387,-0.013724957097868012
620,0.3065483146747178,-0.5996307131479324,0.4117307842559216,0.26193766717538663
621,0.13161673550029077,1.2188438469532703,-0.32772522167595997,1.6043123736610414
622,0.7271088643669291,0.749991801731736,-0.6570768708582576,-0.243443050751054
623,-0.7604738683720125,0.04509416647927314,-0.8209374628971448,-0.620472989487957
624,-0.06720260283917479,-0.5142433104056028,0.8149438254927067,-0.3887026983824961
625,-0.17716674408531985,-1.28717549460125,-2.242880249439396,0.5822048481477866
626,1.6152906827638212,-1.8051889333364137,-0.6074061734398071,-1.503678978196362
627,-1.2432411509863244,-0.08225989382720668,-0.11406063416733352,0.373599450893406
628,-0.9889060308357913,1.3362529660407738,0.7692226994225927,-0.5341521442103597
629,0.21052274493715534,-0.6639044698037024,0.7118102711202924,0.7521676849914144
630,-0.42361908295491335,0.8626140905159728,1.8883674644325747,-0.534277573532049
631,-0.4220361671716084,-0.957043522049022,-0.5958656895040849,-1.8267611035489797
632,-0.12619878507753396,1.232760905131882,-0.13267117786238125,1.1424891087334463
633,0.7172825847118786,-1.1632995748157624,0.011848372188339812,-0.29280531456165626
634,-0.90328782701762,-0.26975366432071096,0.05393883519539048,1.5829218389114537
635,1.0773433135615575,-1.9536871500945143,-0.032613133123984506,-0.07025123917142131
636,-0.13655657901782867,-0.6684293869275328,2.3290758825049362,1.0416174060119434
637,0.7314213281440917,-0.805363035804961,1.755654015909324,0.7242084506363666
638,-1.4944998158014897,-0.4631078422048176,-1.1722513749524452,-0.9761188917465372
639,-0.8035790167430126,0.039150741901153883,-0.39368614506395055,-0.45694928286579944
640,1.1430029152512653,0.8438402061182577,1.843052902084233,1.2411391330100607
641,0.5641782181825746,-1.2445128382687725,-0.6156215130096525,-1.445759552759545
642,1.1636372068084313,0.6524087391128497,-0.05928122873713307,-0.002998453435514215
643,1.970324004124731,1.3859514253456273,-0.4651820358406016,2.089602822952818
644,0.16619747482280683,-0.9227529065285279,0.10868226611674707,0.17911555331704784
645,-0.02303738180860753,1.9603949026989855,2.1889762576363325,-0.7320721313839142
646,-0.12126259162589088,-0.4160222813884027,0.6437099588534905,0.024344378183352118
647,0.8896386397203944,0.0206859384609128,0.29304278615751417,-0.8565874952210533
648,-1.3067452196896425,0.6588091205951346,1.2149551665765541,0.8678177367859491
649,-0.5646955948260352,-0.9296643216574879,-0.7827970228694434,-1.6849036296684796
650,-0.3929856416158105,-1.1242671513889164,1.6333875584380708,1.1622427038077527
651,1.256095605487275,-0.5776613182957432,0.0575733663430944,-1.1036370574820675
652,0.06272810066108582,-1.7829424627858468,0.9448571560073217,0.20458954219306294
653,-0.22111091624195708,1.2128669359524331,1.5321091106974243,-0.641720836284858
654,0.5818740648213049,-0.633832788367431,-1.1811404702411719,-1.407493624373068
655,-0.11332792317149977,1.936819857119121,0.9460665525006322,0.7171191608839445
656,0.8048092219986374,-1.2951216748519454,-2.5021852703617387,-0.7515934395576608
657,-1.9581454636620381,-0.20872171702347792,0.2923168322503763,-0.05660042047045605
658,-0.7527899682445256,0.42897719464908307,0.04024979411934985,0.40955442184305235
659,-0.0167835579844319,0.41416967086725276,-0.7727701998731124,-0.6886889156665049
660,-0.19185215270533887,0.8550592555101756,1.3847670291301624,0.0800774232376979
661,0.34686164696607613,-0.6950259699934458,0.8226319245304126,0.6132933784000174
662,0.4995468133127692,-0.3781831010445822,-0.6879413144035458,-0.6466313864614849
663,1.4479315271269793,0.21859371134946434,0.12859719495811145,0.7781709719767651
664,2.0349150793323796,0.35709568125860713,1.3095859434366097,1.182620311459065
665,-1.7869320548226382,0.6405194454532446,-1.2003391253602238,0.8161773795632521
666,0.19282024812367382,-0.28372315672517445,-1.0025457983134947,0.5620217417324141
667,-1.5409742043933503,0.5479187453729052,-0.7347243849772869,-0.4689986821618807
668,-0.519946833685569,0.5517799067637361,-0.38527461980247174,0.6405021969901116
669,-0.20573994133832074,0.5671008687232608,0.2682283284475169,0.44082546314171117
670,0.4485226821056293,1.3982317922343395,-0.5636028309069063,1.1146877717217967
671,0.8799250439399958,-0.24568060726993168,0.8045489032056351,0.2709251042226618
672,-0.035220826378576216,-1.4235060075459514,-0.037767626545534984,1.6399514398637
673,-1.6348605308450752,0.07008578220573694,0.5741675759213622,1.886479933716051
674,-1.6728744116289147,1.1029139406224424,-0.7919461234148962,-0.3087041079994846
675,1.4812850743051318,0.4222121676290634,0.1821527277267147,-0.7433856638944047
676,0.9818457499909357,0.04847231181233226,-0.6777547468835716,0.014116309071749997
677,-1.9250424898320948,1.524428398451138,1.5341250121412773,-1.3831999458255537
678,-0.4821279772682422,0.029037703996609456,0.08297740040992845,0.5853219618059604
679,-1.3157229081294994,-1.5738880050636823,2.1177624252484213,-1.2516743588198804
680,0.9543496333492281,0.6430678351584836,0.6275054730421473,0.7541855497617518
681,0.10998324106101552,-1.200425835137653,0.0065313525487016,0.5597387085206155
682,1.2098743708920907,0.22130044680772257,-0.31865977560972353,-2.4753347670570442
683,0.08693886678971101,1.7951360996816186,0.35873039881143304,-1.048401623071594
684,-2.182626897359083,-1.9342298399848428,0.8579645016222766,0.24103321885310455
685,2.386783696511836,1.5589944592469773,0.0030970135216707045,1.7896415574295457
686,-0.17085153653239357,0.7180167308056205,0.18772801642512219,-1.0814133071805052
687,1.1787610852499542,1.4889195861331002,-1.1580165216634994,-0.7657832875336614
688,1.2622635046331507,0.21063353904210563,0.032068468431218584,0.6103524171183231
689,-1.4364447709511472,1.1713002826371817,-0.325943868959449,-1.3232081651113674
690,0.9144813775567648,0.013565173587655448,0.18782897534585427,-0.34510395757656326
691,0.05464954742383997,1.1878232623734983,0.23500543605590618,0.16790627173262723
692,0.0480344812885415,-1.038505644871364,0.3351622055084391,0.12844591934332825
693,-1.1960665812050015,0.9989343490505019,-1.0603429434160765,1.3826479128428015
694,0.545320859487054,0.2130853297163685,-1.486581791395873,0.7564061866209121
695,-1.8235866117988113,-0.130282374221546,1.8027599624236554,1.6877275891872254
696,0.9043625726974595,0.6438426780161508,-0.12975844128753267,0.8441798191753965
697,1.8872743668925056,2.6425473257859777,0.5472825768543234,-0.253452610231657
698,-3.51525932549008,0.7196499218046543,-0.21632239940766407,-0.7900203089318433
699,-0.1944652725404081,1.0507960602241897,-0.7490019034916121,0.09681120240772832
700,0.28561352692112474,0.49401030493410947,0.11851936957416628,-0.20507245144700545
701,-0.3303760565508064,0.18236464629859467,0.025558509816006773,0.640552189190011
702,0.05362363671189617,-0.7926067690042436,-1.3192509161448471,0.42467020823857654
703,2.539538782485946,-0.20332859911847653,-1.5130335134061064,0.00931286846182489
704,-0.6742329033981012,0.6164563708576355,1.7320900894904336,-0.351279756716081
705,-0.015235169794880219,1.148276060060795,-0.09329371790023247,-0.7167143235686096
706,1.578178367227389,-0.09383351981656446,0.5586366234842317,-0.35575017925149216
707,0.11148185994953534,-0.8103616854855735,-0.8847547297995118,0.18073122132544564
708,-1.2804712126763298,-0.039745127852223075,-0.3703757861191635,-2.3480484441765723
709,-0.08243922781216209,2.1100931383082275,-0.029576243489256752,1.1472842448567788
710,-1.0235534577082759,-1.1609017687814953,-0.5423736978747133,0.8693210104837383
711,-0.22889842737454197,-1.0983596667688178,0.48772490515978567,-0.07828716991313174
712,0.36939160827097955,-0.020341559055177857,-0.9158483592423056,0.6427294569934716
713,1.9466590983741519,1.7231184619299134,1.6978038131237176,-0.5704473007549723
714,-0.15374164075879065,-0.35226729913170196,0.0686699151172349,2.114300355865256
715,1.1433565546965765,-0.5414362894506525,-0.781863343112877,-0.7523753996615216
716,-0.41961771347302895,0.1959119217466936,1.0016046697040362,-0.05246780801930997
717,0.6941647532407135,0.0645038919861126,0.20472496381499217,-0.13523222453427294
718,0.37300377824318637,1.050643361773953,-0.006054215550860734,-0.008473171967364508
719,-0.43857589887401793,1.5586425503515433,-0.30811956689430087,-1.1493441192041904
720,-1.299619662803665,0.28572745600409116,0.3442780773438504,-2.2748262625797975
721,-0.018060919898195787,-0.10360744971866033,-0.43753662770370233,1.271168449936657
722,0.03313501755697142,-0.6741466843918453,0.5554698180861081,-0.8832369500092669
723,1.7498896907484327,-1.1365669590847702,-0.575492962719561,-1.4509917169377142
724,0.007121416430127076,1.1783600723561205,0.5419369809090824,0.13221414824439284
725,0.21151311450131527,0.9787573539674362,-0.2150846481319832,0.539677081478965
726,-0.7170492996338419,0.29511147967347073,1.1807608876645295,-0.8585489527439241
727,-1.1719412398075284,1.2017136570223887,0.6373098508599059,0.13187725905050582
728,-0.44046848331825433,0.9358756831149594,0.07296066182129861,-1.5917251259905598
729,-0.03865737734426322,-1.7191896968941232,0.07388562305926456,0.9539836105665881
730,1.025537362132997,0.9489577146955376,-0.44715114011747725,-1.5365673006138578
731,-0.38891940569149136,-0.12816679128068126,0.13297187380544043,1.4253364703068336
732,0.770520015086945,-2.0895556445621484,0.01951167259780881,-0.5973488054265779
733,-0.870472709290493,0.021913893094357473,0.1855037263357594,0.2438858073552009
734,-0.1561633180375808,0.049313607691326325,-0.26497632328027365,-1.6673324411512793
735,-1.0447201127531858,-1.2301760255213665,0.4557805934738397,0.6442970807855025
736,-0.26594833482023983,-2.391882928044137,-0.7601509556933177,0.6979033335018032
737,-2.9244558628746122,-1.2225342477029633,0.37904124545956147,0.2638767515542395
738,1.7447895098823125,0.2957165088016962,-0.8874741827657718,-1.164189916171437
739,1.0741371176602177,1.2807039754161764,0.24078164977021022,1.8440486141012695
740,-1.242067171777169,0.2636509674537327,1.0522006687620888,0.3322902208728296
741,-0.09968521211743563,0.09069218617255295,1.4570565362848875,-1.5326197635259238
742,-0.45678853114620444,-0.9625360033415475,1.3258481045548762,-0.8074835333984688
743,-0.6146933266902055,-1.1872403536423288,0.703097253195744,-0.7936321908891869
744,1.2349218365096848,-1.610023264475342,0.3398549698745207,-0.7119978777905522
745,-0.361286993508863,-0.02548987476851287,0.39995903623117635,1.657360591352559
746,-0.7031702905527439,-0.07280326912920705,0.2337845624137217,-0.3978737859041454
747,0.19680657320306708,-0.06056894573085305,-0.8855419881089489,0.22427102821910416
748,0.35980086236497655,-0.18221834459229255,0.3802997053933054,1.506408600529853
749,-0.8162324364904678,2.5392956640935136,0.04155244359259848,0.5265450921436179
750,0.42838686433150946,-0.3597525447918315,1.6851605306516826,1.2018855423628445
751,0.5960015984220507,0.48131666834840764,-1.4492750564846753,0.20969261769816758
752,0.39167215977762104,0.8728570696708441,-0.4983762411348309,-2.7971772496863885
753,-0.26933708627556796,-0.3934991333634056,0.7673273758222428,0.08310101629302366
754,-1.2777192598810434,0.919070884118801,-1.090319474904952,-0.17278002938827655
755,-1.3258319059986228,-0.9924250520444193,0.08814677931554539,0.5671969209343454
756,0.9539606385358256,1.038758039642956,0.149501230802627,0.001978339911084018
757,1.2900552493506166,-0.05692419801380366,-0.4394645284420424,-0.17416354796563224
758,0.11577224798008742,0.10396568828638264,1.0507791308580876,0.0022512178606794884
759,-0.47821472418596245,-0.3111725522647039,0.16459773386192716,-0.37034450580045397
760,0.9859284356379495,0.1070479153004668,-2.8661741221651287,-0.11773646970656895
761,-0.16875769471760788,-2.000972574689993,1.3748923168612321,-0.031007040805388686
762,-0.2651815104675481,0.9733580148935423,0.7249295110923407,-1.1720702324976924
763,-0.2740024270644493,1.6114586626919634,-0.32226532411724906,0.30964311066838957
764,-1.1658930481346448,-1.3494753412494838,1.6633119302084818,0.08593638592472619
765,-0.6358733051648612,0.11710917932091365,1.2998020648445305,0.6126647073079102
766,2.330987019881811,0.8165900084878447,0.8898343036224189,0.2037167667913843
767,0.16791121999361855,0.08604892647401152,-1.118374908346923,0.7729835839707349
768,0.4087043822734849,0.9390235862022651,0.5307225899963671,-0.7030230762243038
769,-0.09836488067531063,-1.2789352125685636,1.4049493563910935,1.625865647211799
770,-0.6866913716901343,-0.9961147491722392,1.0600377756533983,-0.8277034665533171
771,0.3176352410540049,0.9371540086270042,-0.8104969768003036,-0.31795705657299184
772,-1.4465704093143488,0.6642803722529005,0.6935616648496573,1.5969576260577658
773,0.4934479079524517,0.9243078291757599,0.40486949840596337,1.7557335062957447
774,0.7029159238090502,-0.21529720360083504,-2.4098275345846196,0.10783789626372996
775,-0.024321355876004237,0.377322695248096,-0.10418055381301883,1.32663100275
776,-0.1907524243904725,-0.4297459727127993,0.45055809812410974,-0.08412889900968955
777,1.5841603663664798,1.343102323868412,1.2846080615402116,0.8950410498318646
778,-0.1297839502093188,1.6932147614666722,-0.12331983758039654,0.6014159722399355
779,-0.03948114502481937,-0.2940824118021284,0.8250733955034559,1.8959210608727097
780,1.569080660855881,-1.538516735750348,-0.5028540477043029,1.4091153943323516
781,0.8587999201062091,-0.1540284639055766,0.15920662741761318,0.08363413072642355
782,0.3553698798075433,0.3674018339012744,0.06996785589711206,-0.8121001464999599
783,-0.7025882653266207,0.6963722895678862,0.038079478249223774,1.0022366583527118
784,-1.1599761345875717,0.6026163158897182,1.7867721449656206,-0.39234274838717875
785,0.35895009678434636,0.3409621299322192,1.29364239357448,-0.37667664269607837
786,-1.4698275967518064,0.23690805787806346,0.3792268912296065,1.7048059501635946
787,1.3020342399515838,0.3724424103634027,0.055860562718883164,-0.8722380112616905
788,-0.46954242770282484,-0.6421801294985034,-0.26573450768270646,2.2950697689938684
789,0.40758255864612064,-1.238786270580613,-2.224302521997084,0.46771813401628604
790,0.33614845566136736,1.7016343934276397,1.1804051355518523,0.3802200460914818
791,-0.08241229474673878,-1.3438755450593787,0.984426783513183,0.6501773461433823
792,-0.44062471092153394,-1.2958306044469539,0.2837515477666467,-0.7600507315547596
793,0.7769786629262487,-1.7361040111570336,0.12745294559286857,-1.4817178187234898
794,-2.016361512137946,0.03601268315061896,1.3023468046647497,-0.7891689735056946
795,-0.46331114106667043,1.012172899198418,1.2848321556938909,0.3726745862832025
796,0.8832155433846358,-0.45775421480870576,-1.4962134656758266,0.19087885904700255
797,0.05507552515518086,-1.9041797851961573,-0.04545538066168345,-0.4751074920300912
798,-1.0723577974761027,0.054926622884288304,1.596180852943527,-0.8906745855791417
799,-1.6054951457669102,0.8390944096889449,0.7885501285110244,-0.7207632925169744
800,0.17484265094327195,0.09350219426655974,-2.0247485407116357,0.06040665321181835
801,0.18064062866153446,1.0928440792329566,0.5045702226558354,-1.0244213365042933
802,-0.4666731925190901,-1.2314551777451277,0.6202400482104832,0.00872120972602075
803,1.072779455360714,0.030595091349843742,0.42915932426307174,0.1971872827550732
804,0.27353353791967305,2.0457995828306337,-0.4680971169192847,-1.5122624981682806
805,0.7768251391663604,-1.1222904331238628,2.3392428646985257,0.17340715502636392
806,-0.7046367200292091,-0.6903019935899007,0.21610705342147035,-0.17177419071303274
807,1.447040868314245,-0.30449241401513794,-1.6784464324057935,0.708570985779677
808,-0.3404194205439662,2.2666662547266516,0.11589399163459786,0.6619662279222822
809,-0.6369430606230474,0.6322043965162226,0.23156166592162516,0.7156672167180582
810,-1.3291103924410927,0.3983807897798605,0.023602990371180764,1.3083653444001575
811,-0.40744066563274156,-0.9843757466930265,-1.1096702062786845,0.6153563185126397
812,-0.13435607045163026,-0.7387306869031968,-1.2050782527391306,1.1036093578007595
813,2.012001182042291,-1.0737850481370474,0.06965780275811397,1.117860497139181
814,-1.137112854418313,0.9146741710951154,1.0558465957464818,-0.25130859874254996
815,1.0180569081402675,-0.23640904498944737,1.1768809306749306,-0.33557025531462864
816,1.1094778613863052,-0.9996783192638964,0.4631816782804231,1.6578017410521058
817,0.18440038343118653,-1.2637911478676915,-0.007709988756603901,0.305632341615037
818,1.780701188323287,0.9004458456561462,0.20636434278725516,-1.4570069524108458
819,-0.8333663671205304,1.4823210162220894,0.6057138909890815,0.194371452834324
820,0.7726511760717846,-0.7717712150324537,-0.544555379597866,0.4826937869640045
821,-0.11997649820219894,-2.7218542039799907,0.05921618275639578,1.0365481820965645
822,-0.23497605710615604,0.029538464788833433,-1.1069664601645495,0.8397484109562882
823,0.7639422802298247,-1.573877216364577,0.9630929412356856,1.0621794599897985
824,-0.7338303710336503,1.5587940155596287,-0.15769949611425108,-1.6246418570063434
825,-1.0660526833736907,0.07013953081367813,0.27709697876350403,0.12154468953010482
826,-0.6612211363054804,-0.9138992188441634,0.4872967460704661,-1.0765782093306242
827,-0.8781809582214497,0.4814430025068458,-0.9854638250093922,1.1991596053023836
828,0.2942783408772042,-2.9034789143286077,-0.17074000533509992,-0.14541017433715395
829,-0.5146848639802944,1.1675194904772228,0.30567600426856684,-0.06973990993821362
830,0.4823032415864248,0.47129938148218187,1.4749838931317174,-0.7150803384483512
831,-1.7637248228297635,0.11704833330955786,0.5659164386038673,0.6028800225427133
832,1.09885751428405,-1.3772251066573982,0.1849548330101505,0.11652203543988297
833,-0.5954500578773594,0.30182242463106285,-0.1573222869724628,-0.28609565048100677
834,1.0888335088588965,0.05002614331799345,0.27365826456391473,-0.3862469915802961
835,0.8380047021340241,-1.1346331136342978,1.0456816500728787,-0.17477237492762185
836,1.296300367696481,-0.7072337885274494,0.057943270230191656,-2.2019938137581883
837,0.6583632973383409,-0.9170833527814645,-0.09305702179978843,-0.17156289756987245
838,-1.6841501118603248,-0.6706897877351206,0.35387545910199864,0.005006722316074571
839,0.5322553125598037,-0.4421064535841518,-1.020980663112686,-0.847736981911514
840,0.2510203909606967,-0.37810010438977937,0.6289918804911395,-0.7608060229848825
841,-0.669685662682113,-0.3795144227308996,-1.0089783648712427,-0.8171773170069911
842,0.42036432444584004,-0.41855118908403205,0.07554783779254985,0.601402961840669
843,0.6430254468622137,-0.7393367978040671,0.07991313822359784,-0.593297083354064
844,0.9108658797709819,1.1322973530398628,1.4752471241629865,0.7266590000425203
845,0.4635942061852214,0.3875806588671715,-0.11088541287629188,0.7258283095714331
846,-0.5115015561733427,1.0687221165700798,0.34549692126851117,0.2915224305396146
847,0.029917111391015126,-1.69991664752271,-0.6587349932187881,-1.874113494936234
848,-0.35694330277972913,1.2123638111901558,-1.091427590249814,0.5308475461655995
849,-1.0293395749015097,-0.7812211420179743,-0.6628776931309244,-0.3347882394722312
850,-0.46657446767726113,-1.5284157958653468,-1.0186716830406988,1.4569157969703512
851,0.1707310128274955,-0.5255235090953689,0.15814085068491016,0.9507552764448928
852,-0.47933416599106093,0.0502641722841235,0.621727260582174,1.2597261152176347
853,0.827482220332015,-0.6382582863195085,-0.3439210541975345,-0.6745440638920573
854,0.5645179864644562,-0.3844608823254867,0.6121355969630446,0.4591616127738499
855,-0.94248731291234,-0.259445057568635,-1.4425112039953825,-0.28598299238607633
856,-0.5409827648456539,1.5526971396878184,0.36883132262968404,-1.1184836185226734
857,0.9020950032610362,1.4932773137892248,0.11815057328635799,1.32982647443404
858,1.2606373698811848,0.6831865100734438,-0.3961731328533716,0.4749885720488632
859,1.6806554556784845,0.17920825155494005,-1.0319827096948857,-0.28413430916708693
860,-0.16705397597588403,-1.9203034524658944,0.03384949683489352,-0.6146915827746005
861,0.9502703983443305,0.2172799335821647,-0.7829464984193216,0.2595180750006017
862,0.3354849014476157,-0.1587742497869896,-1.0999329641873872,-0.2889951022236184
863,-0.7020398059549589,0.49606020860169725,1.0754328445381474,1.1668166515242986
864,0.30623280292462635,0.9528354599677357,-2.2117751663369427,0.4688259195566765
865,1.0583052797493335,-0.3208921662624001,-0.5146566212947533,-1.0859346009980808
866,0.24169311941185215,0.45293246705955204,-0.5925835664566667,0.871592785138674
867,1.0795276775982592,0.28857080572398747,-0.2572457932237671,-1.3461230752519766
868,1.5570111559820086,-0.35135952564290873,0.662209889777462,1.9995908267990952
869,-1.2215773661554192,0.934057087277181,2.274531328050623,-0.9925017729434188
870,1.0744722956368902,0.3483212271244936,-0.875561004864312,0.03102695306365438
871,-1.1575740412858664,0.3162586698808738,-0.14750438621422163,-0.19845275953105276
872,-0.4029534727902685,-1.5110444999017831,0.5602532783448534,0.13865092311797128
873,-1.4986694494065353,0.09723153246259318,-1.9848002504902038,0.4896304036627761
874,1.3007367970871189,-0.1607182791540731,0.05862995444322216,-0.9775532284336905
875,1.2090459463086853,0.2317597855057669,-0.4168598037015349,0.6560325609379934
876,-0.8864945958777578,-1.459572744797263,1.4606221729184985,0.49857538554604125
877,1.2268797209136555,-1.1778338740424141,0.4705508702074289,0.24783874645362838
878,0.5148503440640605,2.105760457682732,-0.5293935099394754,0.8445391440544141
879,-0.022378136503058314,0.23984270525948148,1.7506468506714141,-0.3831811248142517
880,0.9752139892221011,0.3681730481862596,1.3085475148575474,-0.9316637187718421
881,-0.13394012469867703,-1.4772391595350682,0.3958968285814552,-0.9364417647605251
882,-0.4398528603336273,-0.6250264892725502,-0.07640294662707173,0.08003990503336922
883,0.27025723360605636,-1.1699684303281843,-0.30564844462124857,0.24111445971140147
884,0.3691961322742434,0.7479442192730549,-0.11279758299453913,1.4851789423054262
885,0.5247845367764997,0.07602988200659799,0.14042298042865897,0.3597608702576186
886,-0.8284226000701375,-0.13296022720520215,-0.03715342251369167,-0.23916122658779018
887,0.3896224232200263,1.6675086586100605,1.2281202839342815,-0.46511528723891926
888,-0.9607071742820927,0.5764786658834248,-2.68291002926176,0.6404871243976035
889,0.5633412838896167,-1.066569192525026,0.9098027260925925,0.9367299214614234
890,-0.15896774225648003,-0.7414256747525817,0.20830140394469715,-0.8748367657071002
891,-0.7041118232996095,1.3347231322882316,-0.8858212055539094,1.9110500820961636
892,0.8271048018775498,-1.4723771169368352,-0.3389547383277809,-0.5351229008912063
893,0.6027879844018582,1.4978728463275641,0.24831610159090778,-0.5938316809120415
894,-0.29892473346136184,1.2130760781137142,0.5748687243393833,0.9887854945910692
895,-1.6319822641853476,1.3898227565088712,0.8916453161265208,-1.0918562340185032
896,-0.17859808080222214,-1.40688745980834,-0.05310792905533235,-1.4327247554455411
897,-1.1526823083074476,-1.0579755846824836,-0.3923677362066863,2.0889754942109677
898,-0.09927106692633754,0.371623987474349,-1.0714589300150934,1.7034865152154044
899,-0.41449908668435614,0.8965900119760427,-0.19770721649368134,1.2432092213248453
900,-0.383958515065852,-1.5505629975189232,0.04621115885870124,0.45448607212288084
901,0.9391080168904592,0.46569566231349396,0.5394364901726448,-0.5048856187408295
902,-0.633315969231793,-0.3609677242452644,-1.0773798513137143,0.9015002874815377
903,-2.084328327116618,0.18590865890649222,-0.3336270182482706,1.3438295623822765
904,-0.9458337374178133,0.1571337375706152,0.33510981522399363,1.0030460332526923
905,-0.1238028957208496,0.2956488247870292,-0.20847434269069265,-0.2888390649595003
906,0.44289540341947853,-0.7749366289093169,0.29011292898680263,-2.1890904681377847
907,-0.1515730093447653,1.9931895862507578,0.17422911940384278,-0.6992551577192302
908,2.3365745586103954,-0.8171724440166782,-1.565799748276735,-0.802067814671234
909,0.6219459910966223,-0.7154546560451045,-0.44243442410545275,-1.180481189657214
910,-0.12429341170497622,-1.191508967111341,0.570918966118487,0.6442169912757737
911,1.2688536455875852,-0.21958364468407637,-0.39552781126859743,-0.8111803042034709
912,-0.16123486550656801,1.1258151812443546,0.45371916110807997,-0.8137434429777359
913,0.2384577144462012,-0.605011186061149,0.9196133327974073,0.5406385731647803
914,0.9605447548532082,-0.36194393399556574,-0.4592461963165317,0.777216732798582
915,0.7861357408651368,0.7916956459774961,-1.5737326610615767,-1.2975957539447762
916,-1.6714332908752112,-0.20945010885631368,-1.2288828912379306,0.5851519399183898
917,1.4151660429537547,1.3040871228580881,-1.7947651952147623,0.8950667141735692
918,0.31558120627037545,-1.181179809597905,-1.5344175219341818,0.6624155982624957
919,-0.4301658160686663,2.444672504750231,-0.38379501530172927,0.005942632245581306
920,-1.4016711041148298,1.113727675278746,1.0625890637287525,0.8858898706504558
921,-0.9147379983666061,0.5636420318652405,0.6698313590700151,0.5023994186164661
922,-1.3686600206001076,1.389099075077375,-0.31369996752583074,-0.08757878577619536
923,-0.9441112916860841,-0.6746753486877434,-0.5251387597405315,1.602232717799696
924,0.3678217460974627,-0.8625496539503404,1.1534655716580522,0.18509130218431974
925,-0.9083172150128431,0.5680965578611334,1.5656397178002883,1.6769730791845023
926,0.4712942061766257,-1.4156190199960361,1.5466395229986891,0.20919291511499483
927,-0.3370137006090952,-0.7469888081117863,-0.1908181667526084,0.5356974429904579
928,1.0500855746766011,0.33210427652877766,-1.3343096911979684,0.6680296696241739
929,0.02294079762178858,0.12677191522685805,-0.6448245509584508,0.4344916132230675
930,-0.5972731924968776,-0.37090905885218106,-1.0862579543493747,-2.0076410070762183
931,-1.2733010810524015,1.0599568435968962,-0.40313361260356734,0.14818815195648377
932,-1.228166048159507,0.6994983870215123,0.3665977975830396,-0.08681056188673936
933,-1.3570803331563785,0.18196248893206288,-0.129907324100879,1.3025569550260154
934,-0.1350791741995428,0.43636579680070176,1.0017484958476828,0.07315102567240699
935,0.22622485847275983,-1.7368462780704774,-0.1617540276407312,0.6214126601705179
936,1.8994720504550324,0.6932531301158444,0.364792378673859,0.4901913372233935
937,-0.5701873992555377,0.6642899585081988,0.9626212264967752,-1.0863921211657996
938,0.9731122822139889,0.31442368755185285,1.896204343994018,-0.23346139717162195
939,0.13147845463095625,-0.3711764186138431,0.6143913311558914,-1.0787207081241208
940,1.4729667362407493,-0.2891654135544612,0.7494820227422799,0.34369394364339884
941,-0.6141460039930552,-0.6833020158480194,2.237777354427855,-0.4593776080901122
942,0.14210414410836203,-0.265413777473101,-0.32112119349307966,1.7558210091281705
943,0.5049976556161163,0.33860603106851406,0.04591387481879395,1.246821396672869
944,-0.3623678657237575,-0.8739424307597341,-0.6740879262910572,-1.943385753965588
945,0.8262095082930145,0.9305581545182441,-1.2713385891739195,-0.6556175105274626
946,-0.1293492303180814,0.5707710320502263,-0.6590954971906551,-0.2638971566630841
947,-1.506811538305452,-1.6654270200899715,-1.458916713859807,-0.6028733501235001
948,-0.6890845833453687,-0.3771134522322664,-0.40457728659399683,-1.155657683175936
949,-0.39027087994743354,0.5101718752948694,0.019738594120749516,0.823107030386601
950,0.6566945499622047,-1.2762159664263504,-0.0012133251254161513,0.6936578385712898
951,0.29575758936250546,-0.28759030819737463,1.2944084941665963,0.08173836155804552
952,-0.8600355508908057,-2.541173976553538,0.15328743649861698,1.2550206807425233
953,0.31605553594170843,1.4965661875425755,0.3119723464337935,-1.7053115646749433
954,0.5315898277327329,-1.2496564353477166,2.698301123748368,2.4077737411602085
955,-0.7209101328831354,-2.2237664564924207,-0.37884773960538864,-1.0230384497356197
956,-1.7007025737314483,1.4019365183823256,-0.9000821683866184,1.3229976498619358
957,0.06984985173361662,-0.6307039318951035,-1.1190790368639336,0.02361292808203906
958,1.0739006621852152,-0.04721677931920236,1.5423988816219965,0.007807288857480009
959,0.8237614170552716,-0.950489766037471,0.9343292655872244,0.4354676632981803
960,0.19866929644377193,0.09640850989660937,0.5085880703123549,-1.265676095303487
961,0.2866623889622104,-0.4023809605658123,-0.4706154892350941,0.6603836867617315
962,2.109782500264039,-0.13742426853136647,1.0189587210289186,-0.5637163383660728
963,-0.3281630358492547,0.9152714600722406,1.4608718958208478,-0.263111486596738
964,0.6042399294648586,-0.7430266225925874,-0.7967299901823562,-0.15400918462039348
965,0.5162643480360024,-0.41966111606835316,-0.3922368107873385,0.24042240287186295
966,-1.2032242265592281,-0.6805320002455301,0.20444349790149488,-0.5747115921055829
967,-0.7453765327473245,-0.9329652999682457,0.03562336890701821,-0.05081869109137149
968,-0.5088598437956012,-0.9530827240742241,0.1332962702291188,0.572036432753526
969,-0.3491822922941127,-0.27520237907760964,0.1074228454966589,-0.24535013469717903
970,-0.563632238893013,-1.4561503653984895,-0.1682269457819198,0.38361613972898184
971,0.2893038414459558,-0.8501588680703405,0.6735835860213837,1.2297246165277884
972,0.3476296465140576,0.7265338231020517,-0.6532595328416168,0.7682559845247148
973,-1.7939567966965957,-0.6264772855779577,-1.7326608651588251,-0.15669893475058866
974,-0.3875650509168159,-0.6901148199310948,1.3451247554573194,-1.1963478192332033
975,1.002928968801119,1.3704902438723225,0.6512624658832916,1.1104502817494275
976,-0.7693216532021836,0.5145766637639582,-0.5183909011597638,1.2222488241682907
977,0.1186763783811499,-0.5635753288443133,-1.5016944665236933,0.7854027064665611
978,-0.26888953275035093,-0.09116660037819295,0.41045140170832556,-2.4485931902280313
979,0.023123108362012482,-0.6624187903333263,1.2350326226818278,1.3062327641393447
980,-0.5390342984198916,-0.19858272335225866,0.9151668847500295,-1.1069984683733078
981,-0.7827423368654066,-0.0161438679961931,0.704301135708577,-0.5857154459880464
982,-0.9050311500409338,-0.14559684902057193,-0.5963586456433307,-1.041640329404305
983,-1.5236340252001463,1.5364802294273003,-1.3028658384611633,0.2803604127687643
984,-0.8548810666859371,0.8187181733813588,-0.0896222899143489,0.7971332653820977
985,-0.024818288989356695,-0.7293625046882287,1.0634490333558584,0.87338360764923
986,2.1955804858774584,1.5421695601795435,0.1323812156491414,-0.94815472505182
987,-1.0749105755597745,-1.6564079019676055,-0.7931085900248047,-1.3490990913793726
988,0.3415620099713591,2.635655382814103,-1.1561645975111219,0.43492911847235344
989,-0.6667607554445631,1.2181192731853108,0.29883784905427085,0.5192147071669637
990,1.271297001481562,0.014833616445856566,-0.7764174937233141,0.09438280174634853
991,0.1536900981708992,0.4666039128164401,-0.7124442128930476,-0.4083107799487834
992,-0.9232988930622789,-1.096939384647708,-0.5950052566897569,-0.6017206800889228
993,-1.1948215540058098,0.3900871841816831,-0.6575473794425256,-0.5309242071783641
994,-1.0270254142687114,-2.153661706302623,-0.03138667687382122,-0.3088200116172007
995,-0.4742478028498601,0.11060315228935669,0.6300733175902734,-0.5287100042546086
996,0.04998225058580596,0.8486916738975561,0.13806809625778582,-0.7699544545164048
997,1.1598914372864817,1.7105862064031108,1.929013936759512,-0.1675759795438897
998,-0.9107904675204215,-1.5584172888899397,-1.0433009332918908,-0.39372461045320317
999,-0.5074782652900273,-1.057037690941477,-0.5709498733171583,0.19074821939549885
